1477
799
677
753
410
438
649
733
403
434
509
598
155
451
621
406
758
506
272
334
815
819
663
142
328
262
340
270
284
280
144
372
301
154
131
412
382
368
143
460
494
342
421
435
147
581
264
204
510
666
317
146
703
143
247
397
412
620
275
462
393
340
155
394
493
154
265
142
263
391
332
491
144
214
451
269
540
341
459
261
153
143
632
216
338
375
211
286
148
412
351
594
145
616
368
279
156
212
326
146
412
278
316
146
445
144
449
419
458
202
135
364
408
395
214
473
331
405
340
522
330
153
542
308
144
546
144
280
280
514
277
146
152
589
143
143
611
274
403
144
146
286
401
146
135
451
145
354
388
156
148
222
511
554
213
398
224
453
205
150
267
260
158
468
146
144
327
209
340
148
458
396
150
139
453
150
143
512
532
345
212
527
394
149
147
547
158
200
141
328
147
278
145
142
398
327
282
343
391
454
217
149
449
355
350
401
320
145
156
141
142
142
297
650
281
141
373
155
340
330
144
144
144
349
514
428
272
143
303
215
421
274
413
450
147
168
151
144
268
374
213
331
551
415
375
509
281
514
271
143
142
215
271
377
143
311
465
489
558
280
265
278
405
447
521
142
145
396
141
348
508
150
451
513
155
284
337
146
145
393
144
339
207
888
530
342
142
158
388
273
206
441
148
148
152
141
152
142
140
281
426
654
261
392
153
268
298
145
416
458
160
458
156
441
514
688
147
213
595
143
145
389
211
281
322
278
144
142
144
148
424
556
331
143
284
613
465
153
271
340
417
145
277
279
382
440
601
223
413
447
152
385
329
511
335
149
272
442
463
142
146
477
320
162
318
144
160
338
285
146
270
142
146
342
266
403
148
152
376
281
271
154
398
332
148
159
318
394
392
403
150
318
275
141
145
344
152
160
147
414
380
580
273
221
385
141
318
152
218
379
142
152
153
151
146
408
343
450
270
152
319
143
458
407
331
406
153
295
459
144
146
376
266
146
607
397
147
414
149
646
324
275
161
148
152
150
349
383
147
599
146
459
150
148
349
213
445
148
155
149
143
155
210
214
168
148
154
349
341
632
220
215
250
144
144
452
274
144
155
279
148
153
146
336
145
411
156
216
142
274
141
391
339
174
416
217
157
334
158
150
429
329
325
277
278
146
346
337
142
156
274
144
467
153
344
332
350
368
111
393
227
148
200
291
303
386
145
144
155
161
146
519
148
222
153
143
145
478
150
275
465
462
282
162
297
221
397
343
151
392
153
169
373
263
152
156
141
498
389
406
148
229
634
314
144
457
150
150
141
463
395
418
495
380
509
393
158
153
290
218
160
447
157
269
501
156
529
339
390
144
321
135
214
148
154
401
156
209
485
145
347
440
380
383
383
216
224
153
270
147
395
316
274
277
150
216
237
399
214
476
141
152
142
342
218
341
411
341
210
361
150
337
144
152
419
440
142
146
400
349
153
143
393
145
149
349
426
154
337
153
342
519
154
281
264
474
368
153
147
143
509
153
530
328
143
147
263
143
338
371
213
398
402
356
279
325
507
340
172
400
322
409
156
142
150
517
158
281
332
145
329
152
288
265
208
334
228
327
332
508
144
477
350
276
267
274
222
287
395
151
168
159
158
146
142
165
221
329
372
210
220
452
158
257
293
403
402
219
380
280
210
448
437
375
238
284
158
427
219
352
416
450
575
319
210
275
155
147
348
400
150
342
145
153
429
339
158
155
472
155
226
332
148
420
157
502
395
328
147
319
225
408
278
143
153
147
159
156
349
261
153
275
259
144
406
272
485
381
424
366
157
524
338
144
144
395
152
324
407
156
148
144
474
340
531
322
277
281
156
153
320
224
142
208
152
566
339
420
149
325
150
274
439
145
691
148
457
466
172
344
141
467
155
351
341
448
219
147
441
360
305
149
323
212
152
268
479
606
324
280
336
313
623
149
217
145
144
378
271
365
544
144
775
489
157
152
371
483
439
209
221
280
145
146
276
147
155
148
219
147
142
328
159
146
145
140
159
158
277
145
149
150
220
144
143
345
146
218
150
144
141
203
148
222
147
147
266
327
225
498
313
320
695
327
223
142
521
145
280
567
427
228
328
150
481
218
158
346
156
592
220
215
152
339
148
142
146
264
217
154
289
276
474
221
373
218
160
208
148
336
378
277
219
401
147
144
448
423
159
154
274
147
145
353
152
448
149
149
153
142
131
298
158
140
525
161
152
266
320
154
275
145
149
547
156
253
469
328
164
144
150
154
345
217
142
552
280
150
289
274
